Conformation	|	Rayon Giration	|	RMSD	(+/- ecart-type)
	REF			|		16.7513		|	0.0
	0			|		16.7513	|	0.0	(+/-0.0)
	1			|		17.4191	|	0.8579	(+/-0.6072)
	2			|		17.4054	|	1.0153	(+/-0.6291)
	3			|		17.365	|	1.0174	(+/-0.5723)
	4			|		17.1964	|	1.0027	(+/-0.5208)
	5			|		16.9896	|	0.9789	(+/-0.6334)
	6			|		17.076	|	1.1022	(+/-0.7016)
	7			|		17.1714	|	0.9974	(+/-0.6966)
	8			|		17.2353	|	1.1312	(+/-0.7404)
	9			|		17.3423	|	1.0317	(+/-0.6287)
	10			|		17.1675	|	1.0353	(+/-0.7157)
	11			|		17.6104	|	1.1175	(+/-0.663)
	12			|		17.067	|	1.0242	(+/-0.7279)
	13			|		17.2925	|	1.0814	(+/-0.7626)
	14			|		16.6985	|	0.8305	(+/-0.5972)
	15			|		17.2258	|	1.0094	(+/-0.7364)
	16			|		17.272	|	1.1215	(+/-0.8273)
	17			|		16.9388	|	1.1827	(+/-0.802)
	18			|		17.5936	|	1.0877	(+/-0.6656)
	19			|		17.5375	|	1.0553	(+/-0.7379)
	20			|		16.6778	|	0.9837	(+/-0.6633)
	21			|		17.189	|	1.1309	(+/-0.6684)
	22			|		17.1117	|	0.9127	(+/-0.669)
	23			|		17.1088	|	1.1049	(+/-0.7326)
	24			|		16.994	|	0.9002	(+/-0.6361)
	25			|		17.2922	|	0.9595	(+/-0.6789)
	26			|		16.8115	|	0.9807	(+/-0.6439)
	27			|		16.9341	|	1.0614	(+/-0.5804)
	28			|		16.8015	|	0.9043	(+/-0.6137)
	29			|		16.9589	|	0.9477	(+/-0.6414)
	30			|		16.6524	|	0.9131	(+/-0.5074)
	31			|		16.835	|	0.8507	(+/-0.6298)
	32			|		16.6098	|	0.8876	(+/-0.5929)
	33			|		16.8341	|	0.8929	(+/-0.5947)
	34			|		17.2505	|	0.9333	(+/-0.5911)
	35			|		16.8641	|	0.872	(+/-0.5003)
	36			|		16.8436	|	1.0413	(+/-0.593)
	37			|		16.8697	|	0.9912	(+/-0.6073)
	38			|		16.8029	|	0.9048	(+/-0.5358)
	39			|		16.8539	|	0.9471	(+/-0.6138)
	40			|		16.6512	|	1.0059	(+/-0.6228)
	41			|		17.2166	|	0.9557	(+/-0.7353)
	42			|		16.7205	|	0.9521	(+/-0.5934)
	43			|		16.6057	|	0.9873	(+/-0.6459)
	44			|		17.0422	|	1.0291	(+/-0.6162)
	45			|		16.7561	|	0.9751	(+/-0.5856)
	46			|		16.8506	|	1.1292	(+/-0.6137)
	47			|		16.7478	|	0.8839	(+/-0.5703)
	48			|		16.9463	|	0.9922	(+/-0.5746)
	49			|		17.0592	|	0.9956	(+/-0.555)
	50			|		16.5703	|	1.0831	(+/-0.5332)
	51			|		17.076	|	0.8905	(+/-0.5415)
	52			|		17.0477	|	0.9588	(+/-0.587)
	53			|		17.2433	|	0.9907	(+/-0.561)
	54			|		16.8326	|	1.0551	(+/-0.5635)
	55			|		17.0166	|	1.0814	(+/-0.6221)
	56			|		16.8831	|	0.9958	(+/-0.575)
	57			|		16.6995	|	0.9724	(+/-0.653)
	58			|		17.1525	|	1.0173	(+/-0.5623)
	59			|		16.815	|	1.0375	(+/-0.5781)
	60			|		16.8913	|	0.9945	(+/-0.5687)
	61			|		16.7358	|	0.9476	(+/-0.4983)
	62			|		16.9208	|	0.97	(+/-0.5833)
	63			|		17.0076	|	1.0789	(+/-0.5345)
	64			|		16.8047	|	1.1051	(+/-0.5612)
	65			|		16.5441	|	1.1321	(+/-0.6914)
	66			|		17.2199	|	1.0001	(+/-0.6036)
	67			|		16.5937	|	1.008	(+/-0.58)
	68			|		16.9419	|	1.195	(+/-0.6318)
	69			|		16.7942	|	1.0236	(+/-0.5595)
	70			|		16.6503	|	1.0884	(+/-0.6059)
	71			|		16.7718	|	0.9992	(+/-0.595)
	72			|		16.9066	|	1.1926	(+/-0.7039)
	73			|		16.564	|	1.2319	(+/-0.7368)
	74			|		16.4598	|	1.3239	(+/-0.8392)
	75			|		17.1643	|	1.4036	(+/-0.9266)
	76			|		16.8969	|	1.2873	(+/-0.9364)
	77			|		17.1747	|	1.3244	(+/-0.9684)
	78			|		17.2473	|	1.3038	(+/-0.9891)
	79			|		16.635	|	1.2345	(+/-0.8481)
	80			|		17.5388	|	1.3541	(+/-1.0487)
	81			|		17.8044	|	1.347	(+/-0.9275)
	82			|		16.9201	|	1.2532	(+/-1.0261)
	83			|		16.6436	|	1.2561	(+/-0.9658)
	84			|		16.9519	|	1.189	(+/-0.9012)
	85			|		17.1723	|	1.1476	(+/-0.9653)
	86			|		16.8969	|	1.2113	(+/-0.9719)
	87			|		17.3963	|	1.2575	(+/-0.9854)
	88			|		16.9939	|	0.9834	(+/-0.6515)
	89			|		17.3463	|	1.0387	(+/-0.829)
	90			|		17.1643	|	1.1129	(+/-0.8043)
	91			|		17.539	|	1.1809	(+/-0.8441)
	92			|		17.0945	|	1.2478	(+/-0.9385)
	93			|		16.9017	|	1.3172	(+/-0.9363)
	94			|		17.2446	|	1.311	(+/-0.9879)
	95			|		17.7116	|	1.0792	(+/-0.7684)
	96			|		17.685	|	1.1075	(+/-0.8616)
	97			|		17.0082	|	1.1613	(+/-0.6963)
	98			|		16.7966	|	1.1367	(+/-0.709)
	99			|		16.7682	|	0.9981	(+/-0.5948)
	100			|		16.5636	|	1.2467	(+/-0.678)
	101			|		16.7494	|	1.1156	(+/-0.6635)
	102			|		17.2316	|	1.0939	(+/-0.5899)
	103			|		17.482	|	1.2164	(+/-0.6114)
	104			|		17.2419	|	1.1549	(+/-0.6777)
	105			|		16.9165	|	1.1502	(+/-0.635)
	106			|		16.8621	|	1.1388	(+/-0.656)
	107			|		17.6602	|	1.1331	(+/-0.5849)
	108			|		16.9568	|	0.9647	(+/-0.5062)
	109			|		17.0147	|	1.0412	(+/-0.5312)
	110			|		16.9054	|	1.0204	(+/-0.5431)
	111			|		17.2633	|	1.0315	(+/-0.6012)
	112			|		17.394	|	1.1429	(+/-0.6116)
	113			|		17.3366	|	1.2846	(+/-0.6941)
	114			|		17.7021	|	1.283	(+/-0.8295)
	115			|		16.9566	|	1.0596	(+/-0.6556)
	116			|		17.2046	|	1.1303	(+/-0.7413)
	117			|		17.0044	|	0.9831	(+/-0.6)
	118			|		17.1548	|	1.1576	(+/-0.6922)
	119			|		17.467	|	1.1735	(+/-0.6691)
	120			|		17.4491	|	1.207	(+/-0.7447)
	121			|		16.9899	|	1.0899	(+/-0.6255)
	122			|		17.1154	|	0.9497	(+/-0.4848)
	123			|		17.121	|	1.0663	(+/-0.6031)
	124			|		16.9431	|	1.029	(+/-0.53)
	125			|		17.1088	|	1.1993	(+/-0.7028)
	126			|		16.6137	|	0.9703	(+/-0.4642)
	127			|		17.4484	|	1.1214	(+/-0.5907)
	128			|		17.4746	|	1.2306	(+/-0.6795)
	129			|		17.7389	|	1.2826	(+/-0.7536)
	130			|		18.696	|	1.5398	(+/-1.0639)
	131			|		17.8873	|	1.3977	(+/-0.7564)
	132			|		17.9201	|	1.3004	(+/-0.7296)
	133			|		18.2711	|	1.5889	(+/-0.8074)
	134			|		17.8601	|	1.367	(+/-0.7243)
	135			|		17.8536	|	1.3523	(+/-0.7042)
	136			|		17.5336	|	1.3688	(+/-0.6867)
	137			|		18.0579	|	1.4222	(+/-0.7636)
	138			|		17.9924	|	1.58	(+/-0.6957)
	139			|		17.7529	|	1.3433	(+/-0.6829)
	140			|		18.5469	|	1.6779	(+/-0.968)
	141			|		18.158	|	1.3127	(+/-0.7298)
	142			|		18.2441	|	1.5005	(+/-0.7534)
	143			|		18.4609	|	1.4974	(+/-0.7681)
	144			|		18.018	|	1.5139	(+/-0.8801)
	145			|		17.5862	|	1.4147	(+/-0.6411)
	146			|		17.4466	|	1.338	(+/-0.6179)
	147			|		18.055	|	1.2713	(+/-0.6285)
	148			|		17.9154	|	1.4606	(+/-0.6659)
	149			|		17.5817	|	1.3728	(+/-0.6773)
	150			|		17.7489	|	1.3949	(+/-0.6353)
	151			|		18.1673	|	1.727	(+/-0.8558)
	152			|		17.5449	|	1.2896	(+/-0.6155)
	153			|		18.0272	|	1.3842	(+/-0.6649)
	154			|		17.6466	|	1.4798	(+/-0.6893)
	155			|		17.7878	|	1.231	(+/-0.5918)
	156			|		17.7707	|	1.2567	(+/-0.6725)
	157			|		18.3938	|	1.4037	(+/-0.7658)
	158			|		18.0421	|	1.5353	(+/-0.8205)
	159			|		18.3639	|	1.4945	(+/-0.838)
	160			|		17.9198	|	1.3472	(+/-0.679)
	161			|		17.598	|	1.2566	(+/-0.7157)
	162			|		18.3232	|	1.449	(+/-0.8538)
	163			|		17.5994	|	1.2484	(+/-0.6795)
	164			|		17.7914	|	1.2016	(+/-0.6863)
	165			|		18.1941	|	1.5017	(+/-0.8569)
	166			|		17.8238	|	1.3189	(+/-0.757)
	167			|		17.5545	|	1.3564	(+/-0.6794)
	168			|		17.7749	|	1.4187	(+/-0.8096)
	169			|		18.1225	|	1.3166	(+/-0.7372)
	170			|		18.0304	|	1.3408	(+/-0.7288)
	171			|		18.4515	|	1.7631	(+/-1.1182)
	172			|		18.2815	|	1.3113	(+/-0.7114)
	173			|		17.6446	|	1.46	(+/-0.8635)
	174			|		17.4203	|	1.3348	(+/-0.8736)
	175			|		18.3675	|	1.4361	(+/-0.9271)
	176			|		17.6686	|	1.4317	(+/-0.799)
	177			|		17.4947	|	1.3829	(+/-0.8683)
	178			|		18.124	|	1.5096	(+/-1.03)
	179			|		18.1983	|	1.4339	(+/-0.9657)
	180			|		17.7024	|	1.2225	(+/-0.8387)
	181			|		18.0815	|	1.4792	(+/-0.8727)
	182			|		17.6586	|	1.2641	(+/-0.8247)
	183			|		16.6426	|	1.1559	(+/-0.5637)
	184			|		17.0512	|	1.3523	(+/-0.8871)
	185			|		17.7936	|	1.4782	(+/-0.9313)
	186			|		17.5632	|	1.2199	(+/-0.6745)
	187			|		17.1286	|	1.2871	(+/-0.7553)
	188			|		17.4801	|	1.2999	(+/-0.9115)
	189			|		17.6163	|	1.4301	(+/-0.8103)
	190			|		18.0226	|	1.3336	(+/-0.9272)
	191			|		18.055	|	1.6156	(+/-0.9856)
	192			|		17.577	|	1.3871	(+/-0.8663)
	193			|		16.9896	|	1.1207	(+/-0.7034)
	194			|		17.3428	|	1.4384	(+/-0.8991)
	195			|		17.0457	|	1.5154	(+/-0.8791)
	196			|		16.5973	|	1.3307	(+/-0.7475)
	197			|		17.0468	|	1.1574	(+/-0.7547)
	198			|		17.1233	|	1.3686	(+/-0.8434)
	199			|		17.4188	|	1.2413	(+/-0.8087)
	200			|		17.5794	|	1.2534	(+/-0.7856)
